[13.948906898498535, 1.504634976387024, 15.314360618591309, 30.25, 1.15029776096344, 0.31496062874794006, 0.0, 1559763599.815046]
[14.026924133300781, 1.4768540859222412, 15.276924133300781, 30.25, 1.1146519184112549, 0.31102362275123596, 0.0, 1559763599.88111]
[14.101529121398926, 1.4136061668395996, 15.336445808410645, 30.375, 1.0866681337356567, 0.31102362275123596, 0.0, 1559763599.942832]
[14.196856498718262, 1.4058780670166016, 15.434550285339355, 30.5, 1.0763487815856934, 0.31102362275123596, 0.0, 1559763600.012949]
[14.287705421447754, 1.3896178007125854, 15.397953987121582, 30.5, 1.0421162843704224, 0.31102362275123596, 0.0, 1559763600.080758]
[14.374813079833984, 1.3675304651260376, 15.486882209777832, 30.625, 1.0247176885604858, 0.31102362275123596, 0.0, 1559763600.151541]
[14.432429313659668, 1.3109713792800903, 15.550636291503906, 30.625, 1.0141053199768066, 0.30708661675453186, 0.0, 1559763600.213168]
[14.524040222167969, 1.3104918003082275, 15.513257026672363, 30.75, 0.9802989959716797, 0.30314961075782776, 0.0, 1559763600.282286]
[14.596498489379883, 1.2687697410583496, 15.584291458129883, 30.875, 0.959020733833313, 0.29921260476112366, 0.0, 1559763600.353362]
[14.678674697875977, 1.2820020914077759, 15.667802810668945, 30.875, 0.9518247246742249, 0.29921260476112366, 0.0, 1559763600.415023]
[14.763628005981445, 1.269966721534729, 15.753580093383789, 31.0, 0.956861138343811, 0.29527559876441956, 0.0, 1559763600.479521]
[14.823796272277832, 1.234429121017456, 15.687932968139648, 31.0, 0.9285603165626526, 0.29527559876441956, 0.0, 1559763600.551312]
[14.884689331054688, 1.1768672466278076, 15.752480506896973, 31.125, 0.9106577038764954, 0.29133859276771545, 0.0, 1559763600.621472]
[14.979662895202637, 1.2043627500534058, 15.842426300048828, 31.125, 0.9087420701980591, 0.28740158677101135, 0.0, 1559763600.680044]
[15.057376861572266, 1.1907740831375122, 15.91999626159668, 31.25, 0.9163556694984436, 0.28740158677101135, 0.0, 1559763600.749835]
[15.117505073547363, 1.1645737886428833, 15.98449420928955, 31.25, 0.9278980493545532, 0.28346458077430725, 0.0, 1559763600.81685]
[15.19710922241211, 1.1611483097076416, 15.934388160705566, 31.375, 0.9097535610198975, 0.27952754497528076, 0.0, 1559763600.884091]
[15.273021697998047, 1.1498067378997803, 16.01165008544922, 31.375, 0.9040316939353943, 0.25984251499176025, 0.0, 1559763600.948905]
[15.328228950500488, 1.1176645755767822, 16.07150650024414, 31.375, 0.9035510420799255, 0.25590550899505615, 0.0, 1559763601.014084]
[15.407187461853027, 1.1446338891983032, 16.157188415527344, 31.5, 0.9147247076034546, 0.25590550899505615, 0.0, 1559763601.079368]
[15.486560821533203, 1.143514633178711, 16.111560821533203, 31.5, 0.8977468609809875, 0.25196850299835205, 0.0, 1559763601.149545]
[15.550156593322754, 1.10539710521698, 16.175155639648438, 31.5, 0.8892452120780945, 0.24409449100494385, 0.0, 1559763601.218693]
[15.637116432189941, 1.1251792907714844, 16.250900268554688, 31.625, 0.8912456631660461, 0.24409449100494385, 0.0, 1559763601.282863]
[15.72675895690918, 1.1513398885726929, 16.33863067626953, 31.625, 0.9052034020423889, 0.24409449100494385, 0.0, 1559763601.350038]
[15.750004768371582, 1.0447157621383667, 16.250083923339844, 31.625, 0.8783753514289856, 0.24409449100494385, 0.0, 1559763601.412573]
[15.805108070373535, 1.0279710292816162, 16.30510711669922, 31.625, 0.8596709966659546, 0.24409449100494385, 0.0, 1559763601.478416]
[15.860057830810547, 0.970941960811615, 16.348602294921875, 31.75, 0.8445650935173035, 0.24409449100494385, 0.0, 1559763601.551314]
[15.916373252868652, 0.9657379984855652, 16.41637420654297, 31.75, 0.8395414352416992, 0.24409449100494385, 0.0, 1559763601.613195]
[15.974523544311523, 0.9448432326316833, 16.464542388916016, 31.75, 0.8372132778167725, 0.23228345811367035, 0.0, 1559763601.679435]
[16.028629302978516, 0.9178054928779602, 16.396324157714844, 31.75, 0.8038814067840576, 0.22834645211696625, 0.0, 1559763601.753921]
[16.06543731689453, 0.875778317451477, 16.44043731689453, 31.875, 0.77782142162323, 0.21653543412685394, 0.0, 1559763601.8203]
[16.108402252197266, 0.8348928093910217, 16.47584342956543, 31.875, 0.7555767893791199, 0.21259842813014984, 0.0, 1559763601.881458]
[16.172119140625, 0.8679831027984619, 16.547119140625, 31.875, 0.747003436088562, 0.20866142213344574, 0.0, 1559763601.943892]
[16.21532440185547, 0.8256407976150513, 16.59032440185547, 31.875, 0.74168461561203, 0.20472441613674164, 0.0, 1559763602.016807]
[16.28304672241211, 0.8466934561729431, 16.64884376525879, 32.0, 0.7434684634208679, 0.20078739523887634, 0.0, 1559763602.0795]
[16.339061737060547, 0.8400228023529053, 16.695785522460938, 32.0, 0.7477123737335205, 0.19291338324546814, 0.0, 1559763602.14977]
[16.390897750854492, 0.8434487581253052, 16.765897750854492, 32.0, 0.7605181336402893, 0.18897637724876404, 0.0, 1559763602.214713]
[16.441417694091797, 0.8243061304092407, 16.804916381835938, 32.0, 0.7712435722351074, 0.17716535925865173, 0.0, 1559763602.280731]
[16.49180793762207, 0.8065218329429626, 16.86208152770996, 32.125, 0.7853012681007385, 0.16535432636737823, 0.0, 1559763602.353178]
[16.533063888549805, 0.7910093665122986, 16.90118980407715, 32.125, 0.7967193126678467, 0.16141732037067413, 0.0, 1559763602.412183]
[16.581005096435547, 0.7732856869697571, 16.956005096435547, 32.125, 0.8103070855140686, 0.15354330837726593, 0.0, 1559763602.485206]
[16.62611961364746, 0.7543025612831116, 16.993215560913086, 32.125, 0.8204429149627686, 0.14960630238056183, 0.0, 1559763602.549853]
[16.659996032714844, 0.7120634913444519, 17.024831771850586, 32.125, 0.8260219097137451, 0.14566929638385773, 0.0, 1559763602.625028]
[16.70050811767578, 0.7062703967094421, 17.070341110229492, 32.125, 0.8317727446556091, 0.14173229038715363, 0.0, 1559763602.681491]
[16.726945877075195, 0.6703904271125793, 17.101945877075195, 32.25, 0.8336110711097717, 0.13779526948928833, 0.0, 1559763602.746066]
[16.77189826965332, 0.621140718460083, 17.133642196655273, 32.25, 0.8322589993476868, 0.13385826349258423, 0.0, 1559763602.842334]
[16.783525466918945, 0.6049246191978455, 17.158525466918945, 32.25, 0.8263793587684631, 0.13385826349258423, 0.0, 1559763602.879751]
[16.815885543823242, 0.5816270709037781, 17.190885543823242, 32.25, 0.81902676820755, 0.13385826349258423, 0.0, 1559763602.951185]
[16.841182708740234, 0.547126293182373, 17.21315574645996, 32.25, 0.8076969385147095, 0.12598425149917603, 0.0, 1559763603.013151]
[16.85927963256836, 0.5134568214416504, 17.23427963256836, 32.25, 0.7929584383964539, 0.12598425149917603, 0.0, 1559763603.078498]
[16.89425277709961, 0.5128784775733948, 17.26925277709961, 32.375, 0.7796056270599365, 0.11811023950576782, 0.0, 1559763603.150315]
[16.921497344970703, 0.48117172718048096, 17.288785934448242, 32.375, 0.7631644606590271, 0.11811023950576782, 0.0, 1559763603.219874]
[16.939931869506836, 0.4446484446525574, 17.19191551208496, 32.375, 0.7112002968788147, 0.11417322605848312, 0.0, 1559763603.295904]
[16.95787239074707, 0.43597155809402466, 17.20199966430664, 32.375, 0.6615535020828247, 0.11417322605848312, 0.0, 1559763603.346791]
[16.994121551513672, 0.4489242434501648, 17.23950958251953, 32.375, 0.6223366856575012, 0.11417322605848312, 0.0, 1559763603.413843]
[17.02946662902832, 0.457965612411499, 17.39809226989746, 32.375, 0.6267573237419128, 0.11417322605848312, 0.0, 1559763603.484838]
[17.060964584350586, 0.4670911133289337, 17.310964584350586, 32.375, 0.5965336561203003, 0.11417322605848312, 0.0, 1559763603.546694]
[17.076618194580078, 0.4278286099433899, 17.325834274291992, 32.375, 0.5676180124282837, 0.11417322605848312, 0.0, 1559763603.612349]
[17.0874080657959, 0.3951931595802307, 17.3374080657959, 32.375, 0.5392405986785889, 0.11417322605848312, 0.0, 1559763603.680241]
[17.119409561157227, 0.4028495252132416, 17.368267059326172, 32.5, 0.5172141790390015, 0.11417322605848312, 0.0, 1559763603.745851]
[17.15723991394043, 0.41816583275794983, 17.396366119384766, 32.5, 0.49989286065101624, 0.11417322605848312, 0.0, 1559763603.823836]
[17.199350357055664, 0.45570915937423706, 17.44614028930664, 32.5, 0.49284476041793823, 0.11023622006177902, 0.0, 1559763603.880504]
[17.211002349853516, 0.4197378158569336, 17.459789276123047, 32.5, 0.48395851254463196, 0.11023622006177902, 0.0, 1559763603.94422]
[17.22423553466797, 0.383648544549942, 17.47423553466797, 32.5, 0.47392797470092773, 0.11417322605848312, 0.0, 1559763604.013399]
[17.253501892089844, 0.38931527733802795, 17.495771408081055, 32.5, 0.4651320278644562, 0.11417322605848312, 0.0, 1559763604.080255]
[17.278797149658203, 0.39264366030693054, 17.52682876586914, 32.5, 0.46018728613853455, 0.11023622006177902, 0.0, 1559763604.145025]
[17.3078670501709, 0.39753150939941406, 17.5578670501709, 32.5, 0.45844796299934387, 0.10236220806837082, 0.0, 1559763604.218338]
[17.294828414916992, 0.30634400248527527, 17.54425811767578, 32.5, 0.446598082780838, 0.09842519462108612, 0.0, 1559763604.281892]
[17.29767417907715, 0.2645702362060547, 17.547380447387695, 32.625, 0.431450754404068, 0.09055118262767792, 0.0, 1559763604.354272]
[17.336185455322266, 0.3177904188632965, 17.586185455322266, 32.625, 0.42402032017707825, 0.09055118262767792, 0.0, 1559763604.412998]
[17.34598159790039, 0.29136183857917786, 17.586368560791016, 32.625, 0.411959707736969, 0.09055118262767792, 0.0, 1559763604.480373]
[17.355846405029297, 0.26407918334007263, 17.608776092529297, 32.625, 0.4026421308517456, 0.09448818862438202, 0.0, 1559763604.553546]
[17.381637573242188, 0.28872916102409363, 17.631637573242188, 32.625, 0.3958238661289215, 0.09055118262767792, 0.0, 1559763604.620289]
[17.432270050048828, 0.3539362847805023, 17.681642532348633, 32.625, 0.3988918364048004, 0.09055118262767792, 0.0, 1559763604.681843]
[17.463462829589844, 0.37044650316238403, 17.70718765258789, 32.75, 0.40299275517463684, 0.09055118262767792, 0.0, 1559763604.749488]
[17.489356994628906, 0.3783152103424072, 17.736225128173828, 32.75, 0.40887460112571716, 0.09055118262767792, 0.0, 1559763604.824021]
[17.541067123413086, 0.43264859914779663, 17.79083251953125, 32.75, 0.4234263002872467, 0.09055118262767792, 0.0, 1559763604.879467]
[17.554628372192383, 0.405521035194397, 17.804628372192383, 32.75, 0.43318578600883484, 0.09055118262767792, 0.0, 1559763604.946074]
[17.575658798217773, 0.3888128399848938, 17.825658798217773, 32.75, 0.4409641921520233, 0.09055118262767792, 0.0, 1559763605.024193]
[17.567426681518555, 0.3098887503147125, 17.815410614013672, 32.75, 0.4380843937397003, 0.09448818862438202, 0.0, 1559763605.082961]
[17.57608413696289, 0.2872220277786255, 17.82491683959961, 32.875, 0.43219590187072754, 0.09055118262767792, 0.0, 1559763605.143747]
[17.582765579223633, 0.2570764422416687, 17.831968307495117, 32.875, 0.4232372045516968, 0.09055118262767792, 0.0, 1559763605.212799]
[17.59148406982422, 0.23743809759616852, 17.837095260620117, 32.875, 0.41135334968566895, 0.09055118262767792, 0.0, 1559763605.283213]
[17.605443954467773, 0.23615065217018127, 17.85444450378418, 32.875, 0.40074414014816284, 0.09055118262767792, 0.0, 1559763605.351972]
[17.623022079467773, 0.2389381378889084, 17.745559692382812, 32.875, 0.3552791476249695, 0.09055118262767792, 0.0, 1559763605.413709]
[17.6561279296875, 0.2760984003543854, 17.775102615356445, 32.875, 0.32157009840011597, 0.09055118262767792, 0.0, 1559763605.481408]
[17.69412612915039, 0.32542744278907776, 17.81912612915039, 32.875, 0.3020632565021515, 0.09055118262767792, 0.0, 1559763605.547877]
[17.746753692626953, 0.37787890434265137, 17.852140426635742, 32.875, 0.29127180576324463, 0.09055118262767792, 0.0, 1559763605.629904]
[17.774473190307617, 0.3971385955810547, 17.899662017822266, 32.875, 0.2918836176395416, 0.09055118262767792, 0.0, 1559763605.678844]
[17.797012329101562, 0.38715577125549316, 17.91714859008789, 32.875, 0.29320845007896423, 0.09055118262767792, 0.0, 1559763605.750099]
[17.812297821044922, 0.368509978055954, 17.810903549194336, 32.875, 0.2597637176513672, 0.09055118262767792, 0.0, 1559763605.814045]
[17.84795570373535, 0.3906227946281433, 17.840280532836914, 32.875, 0.237172469496727, 0.07480315119028091, 0.0, 1559763605.882886]
[17.881641387939453, 0.41353821754455566, 17.881641387939453, 33.0, 0.22717584669589996, 0.06299212574958801, 0.0, 1559763605.943272]
[17.900686264038086, 0.39070188999176025, 17.899017333984375, 33.0, 0.22074273228645325, 0.04724409431219101, 0.0, 1559763606.013089]
[17.898616790771484, 0.3326554298400879, 17.898616790771484, 33.0, 0.21223104000091553, 0.027559055015444756, 0.0, 1559763606.081728]
[17.91092300415039, 0.3066565990447998, 17.91131019592285, 33.0, 0.20588500797748566, 0.015748031437397003, 0.0, 1559763606.145065]
[17.918399810791016, 0.27601784467697144, 17.916622161865234, 33.0, 0.19928769767284393, 0.007874015718698502, 0.0, 1559763606.214358]
[17.91144371032715, 0.21811702847480774, 17.907318115234375, 33.0, 0.18840600550174713, 0.003937007859349251, 0.0, 1559763606.279666]
[17.91429328918457, 0.19342860579490662, 17.91429328918457, 33.0, 0.17883478105068207, 0.0, 0.0, 1559763606.34398]
[17.91142463684082, 0.1573648601770401, 17.91142463684082, 33.0, 0.16765780746936798, 0.0, 0.0, 1559763606.413194]
[17.91077995300293, 0.13072800636291504, 17.91285514831543, 33.0, 0.15655873715877533, 0.0, 0.0, 1559763606.480256]
[17.91950035095215, 0.13138434290885925, 17.916576385498047, 33.0, 0.14633576571941376, 0.0, 0.0, 1559763606.55519]
[17.9194393157959, 0.11252651363611221, 17.92054557800293, 33.0, 0.13704395294189453, 0.0, 0.0, 1559763606.614654]
[17.91574478149414, 0.08836467564105988, 17.91574478149414, 33.0, 0.1261397749185562, 0.0, 0.0, 1559763606.676968]
[17.90592384338379, 0.05371880531311035, 17.90592384338379, 33.0, 0.11264302581548691, 0.0, 0.0, 1559763606.749943]
[17.893962860107422, 0.016512081027030945, 17.895925521850586, 33.0, 0.09717430919408798, 0.0, 0.0, 1559763606.822876]
[17.882936477661133, -0.01104116253554821, 17.886653900146484, 33.0, 0.08052602410316467, 0.0, 0.0, 1559763606.883973]
[17.86150550842285, -0.05844344571232796, 17.86519432067871, 33.0, 0.05967327207326889, 0.0, 0.0, 1559763606.945341]
[17.846633911132812, -0.08215489983558655, 17.846633911132812, 33.0, 0.03651776909828186, 0.0, 0.0, 1559763607.013729]
[17.81293296813965, -0.14362618327140808, 17.938915252685547, 33.0, 0.04346645250916481, 0.0, 0.0, 1559763607.079284]
[17.79629898071289, -0.15922300517559052, 17.802692413330078, 33.0, 0.00961294211447239, 0.0, 0.0, 1559763607.15003]
[17.795114517211914, -0.13978862762451172, 17.919801712036133, 33.0, 0.015312228351831436, 0.0, 0.0, 1559763607.21507]
[17.774259567260742, -0.1674092710018158, 17.899259567260742, 33.0, 0.013874969445168972, 0.0, 0.0, 1559763607.277382]
[17.758956909179688, -0.17671996355056763, 17.887964248657227, 33.0, 0.009279493242502213, 0.0, 0.0, 1559763607.351291]
[17.74470329284668, -0.18020367622375488, 17.870630264282227, 33.0, 0.0004500305512920022, 0.0, 0.0, 1559763607.416376]
[17.743148803710938, -0.1594240516424179, 17.868148803710938, 33.0, -0.0074646067805588245, 0.0, 0.0, 1559763607.478356]
[17.75138282775879, -0.11385049670934677, 17.87217140197754, 33.125, -0.012663026340305805, 0.0, 0.0, 1559763607.542332]
[17.732656478881836, -0.14010809361934662, 17.982656478881836, 33.125, 0.014828350394964218, 0.0, 0.0, 1559763607.624903]
[17.695486068725586, -0.20390665531158447, 17.945486068725586, 33.125, 0.026419200003147125, 0.0, 0.0, 1559763607.68185]
[17.672332763671875, -0.22668977081775665, 17.922332763671875, 33.125, 0.02888176590204239, 0.0, 0.0, 1559763607.743433]
[17.670862197875977, -0.18944990634918213, 17.928176879882812, 33.125, 0.032146207988262177, 0.0, 0.0, 1559763607.821585]
[17.635623931884766, -0.24768471717834473, 17.885623931884766, 33.25, 0.022197939455509186, 0.0, 0.0, 1559763607.883456]
[17.624773025512695, -0.22792969644069672, 17.876087188720703, 33.25, 0.011045847088098526, 0.0, 0.0, 1559763607.953529]
[17.627792358398438, -0.18972676992416382, 18.002792358398438, 33.25, 0.037975747138261795, 0.0, 0.0, 1559763608.014851]
[17.610595703125, -0.19826312363147736, 17.98817253112793, 33.25, 0.055217672139406204, 0.0, 0.0, 1559763608.081297]
[17.586406707763672, -0.22755324840545654, 17.961406707763672, 33.25, 0.06084543094038963, 0.0, 0.0, 1559763608.147815]
[17.560462951660156, -0.2487288862466812, 18.062374114990234, 33.375, 0.09339723736047745, 0.0, 0.0, 1559763608.215469]
[17.522327423095703, -0.301334023475647, 18.022327423095703, 33.375, 0.10717128962278366, 0.0, 0.0, 1559763608.277384]
[17.50230598449707, -0.29291367530822754, 18.00562286376953, 33.375, 0.11210256069898605, 0.0, 0.0, 1559763608.349082]
[17.481897354125977, -0.2991871237754822, 18.10956573486328, 33.375, 0.1442042738199234, 0.0, 0.0, 1559763608.412141]
[17.473127365112305, -0.2788561284542084, 18.098127365112305, 33.5, 0.16505511105060577, 0.0, 0.0, 1559763608.478253]
[17.454448699951172, -0.26822349429130554, 18.078319549560547, 33.5, 0.17404428124427795, 0.0, 0.0, 1559763608.556359]
[17.43533706665039, -0.2755131423473358, 18.188453674316406, 33.5, 0.21033836901187897, 0.0, 0.0, 1559763608.618652]
[17.428346633911133, -0.2480389028787613, 18.1807861328125, 33.625, 0.2347402572631836, 0.0, 0.0, 1559763608.680285]
[17.416044235229492, -0.24229227006435394, 18.166044235229492, 33.625, 0.247076615691185, 0.0, 0.0, 1559763608.748037]
[17.41554832458496, -0.20456938445568085, 18.164867401123047, 33.75, 0.25327205657958984, 0.0, 0.0, 1559763608.818017]
[17.39449119567871, -0.2197207510471344, 18.271411895751953, 33.75, 0.28513190150260925, 0.0, 0.0, 1559763608.887942]
[17.38232421875, -0.21270279586315155, 18.2592716217041, 33.875, 0.30357298254966736, 0.0, 0.0, 1559763608.953545]
[17.370630264282227, -0.2101658582687378, 18.247133255004883, 33.875, 0.31080955266952515, 0.0, 0.0, 1559763609.01426]
[17.35749626159668, -0.2086671143770218, 18.364843368530273, 34.0, 0.34588518738746643, 0.0, 0.0, 1559763609.083826]
[17.314340591430664, -0.2787746489048004, 18.321901321411133, 34.0, 0.3572854995727539, 0.0, 0.0, 1559763609.143559]
[17.252845764160156, -0.3742372691631317, 18.261940002441406, 34.125, 0.34435802698135376, 0.0, 0.0, 1559763609.212413]
[17.228538513183594, -0.37650758028030396, 18.353538513183594, 34.125, 0.355056494474411, 0.0, 0.0, 1559763609.276408]
[17.242359161376953, -0.2876499593257904, 18.36756706237793, 34.25, 0.3627166450023651, 0.0, 0.0, 1559763609.342706]
[17.22330093383789, -0.27946943044662476, 18.350528717041016, 34.25, 0.358918696641922, 0.0, 0.0, 1559763609.4215]
[17.21900177001953, -0.25381413102149963, 18.47711944580078, 34.375, 0.3868457078933716, 0.0, 0.0, 1559763609.481106]
[17.177845001220703, -0.3058762848377228, 18.43271255493164, 34.5, 0.3914138376712799, 0.0, 0.0, 1559763609.548424]
[17.18466567993164, -0.2478453814983368, 18.432741165161133, 34.5, 0.38955843448638916, 0.0, 0.0, 1559763609.620068]
[17.158369064331055, -0.26710909605026245, 18.408082962036133, 34.625, 0.3754422664642334, 0.0, 0.0, 1559763609.692685]
[17.141727447509766, -0.26452136039733887, 18.3970890045166, 34.75, 0.35543203353881836, 0.0, 0.0, 1559763609.753975]
[17.105588912963867, -0.2975541651248932, 18.493165969848633, 34.75, 0.3614758849143982, 0.0, 0.0, 1559763609.831853]
[17.086734771728516, -0.3136291205883026, 18.461734771728516, 34.875, 0.3522677421569824, 0.0, 0.0, 1559763609.882225]
[17.065614700317383, -0.3115640878677368, 18.440614700317383, 35.0, 0.33369889855384827, 0.0, 0.0, 1559763609.952187]
[17.060264587402344, -0.2739270031452179, 18.435224533081055, 35.125, 0.31225404143333435, 0.0, 0.0, 1559763610.014565]
[17.078054428100586, -0.19369319081306458, 18.458940505981445, 35.125, 0.2970816493034363, 0.0, 0.0, 1559763610.079478]
[17.03021812438965, -0.27744799852371216, 18.40521812438965, 35.25, 0.26512768864631653, 0.0, 0.0, 1559763610.149331]
[16.9845027923584, -0.33535972237586975, 18.3595027923584, 35.375, 0.22223256528377533, 0.0, 0.0, 1559763610.214208]
[16.969667434692383, -0.311485230922699, 18.327119827270508, 35.5, 0.1748354583978653, 0.0, 0.0, 1559763610.279807]
[17.004894256591797, -0.19332873821258545, 18.379894256591797, 35.5, 0.14876112341880798, 0.0, 0.0, 1559763610.342574]
[17.018640518188477, -0.13072830438613892, 18.393640518188477, 35.625, 0.12930122017860413, 0.0, 0.0, 1559763610.414328]
[16.97515869140625, -0.19766192138195038, 18.208242416381836, 35.75, 0.05864621698856354, 0.0, 0.0, 1559763610.480109]
[16.976991653442383, -0.1733090877532959, 18.226991653442383, 35.75, 0.005550086498260498, 0.0, 0.0, 1559763610.546514]
[16.92742156982422, -0.2556718587875366, 18.056732177734375, 35.875, -0.08644241839647293, 0.0, 0.0, 1559763610.614404]
[16.92060661315918, -0.2354135811328888, 18.04560661315918, 35.875, -0.1633966714143753, 0.0, 0.0, 1559763610.679464]
[16.93291664123535, -0.17010313272476196, 18.05791664123535, 36.0, -0.22029773890972137, 0.0, 0.0, 1559763610.748833]
[16.905109405517578, -0.20782381296157837, 17.905109405517578, 36.0, -0.30718469619750977, 0.0, 0.0, 1559763610.821081]
[16.905019760131836, -0.17643332481384277, 17.910381317138672, 36.125, -0.3721417784690857, 0.0, 0.0, 1559763610.883714]
[16.880569458007812, -0.207819402217865, 17.880569458007812, 36.125, -0.4283079206943512, 0.0, 0.0, 1559763610.950718]
[16.870065689086914, -0.19798874855041504, 17.870615005493164, 36.25, -0.47083356976509094, 0.0, 0.0, 1559763611.014363]
[16.84967613220215, -0.21114861965179443, 17.849361419677734, 36.25, -0.5048559904098511, 0.0, 0.0, 1559763611.081291]
[16.838937759399414, -0.20777390897274017, 17.713937759399414, 36.375, -0.5640606880187988, 0.0, 0.0, 1559763611.149096]
[16.83346939086914, -0.18654561042785645, 17.708316802978516, 36.375, -0.6058883666992188, 0.0, 0.0, 1559763611.212209]
[16.778013229370117, -0.2816826403141022, 17.65815544128418, 36.5, -0.645668089389801, 0.0, 0.0, 1559763611.279481]
[16.766094207763672, -0.269260048866272, 17.515939712524414, 36.5, -0.7094963788986206, 0.0, 0.0, 1559763611.352135]
[16.807451248168945, -0.13230864703655243, 17.557451248168945, 36.5, -0.7395588159561157, 0.0, 0.0, 1559763611.416063]
[16.797616958618164, -0.13524723052978516, 17.55759048461914, 36.625, -0.7534730434417725, 0.0, 0.0, 1559763611.481166]
[16.760034561157227, -0.19637395441532135, 17.512052536010742, 36.625, -0.7670645117759705, 0.0, 0.0, 1559763611.553524]
[16.758859634399414, -0.1719813346862793, 17.508859634399414, 36.75, -0.7681069374084473, 0.0, 0.0, 1559763611.615551]
[16.749168395996094, -0.17034995555877686, 17.499168395996094, 36.75, -0.7607575058937073, 0.0, 0.0, 1559763611.68029]
[16.734600067138672, -0.1740196943283081, 17.488489151000977, 36.875, -0.7469524145126343, 0.0, 0.0, 1559763611.748995]
[16.714534759521484, -0.1956605315208435, 17.464534759521484, 36.875, -0.7318710684776306, 0.0, 0.0, 1559763611.821519]
[16.68230438232422, -0.2363182157278061, 17.435073852539062, 36.875, -0.7175368666648865, 0.0, 0.0, 1559763611.885497]
[16.66050148010254, -0.2485286295413971, 17.41367530822754, 37.0, -0.7017143368721008, 0.0, 0.0, 1559763611.954921]
[16.650306701660156, -0.23750537633895874, 17.400306701660156, 37.0, -0.6826111078262329, 0.0, 0.0, 1559763612.014151]
[16.64464569091797, -0.2145179659128189, 17.39939308166504, 37.125, -0.6575489044189453, 0.0, 0.0, 1559763612.078437]
[16.616838455200195, -0.24878332018852234, 17.246715545654297, 37.125, -0.6713223457336426, 0.0, 0.0, 1559763612.142677]
[16.58434295654297, -0.28253328800201416, 17.20934295654297, 37.25, -0.6836403012275696, 0.0, 0.0, 1559763612.216738]
[16.531822204589844, -0.3524467945098877, 17.150999069213867, 37.25, -0.7005839347839355, 0.0, 0.0, 1559763612.279792]
[16.534900665283203, -0.2995646297931671, 17.159900665283203, 37.25, -0.7018553614616394, 0.0, 0.0, 1559763612.349807]
[16.524112701416016, -0.2759791612625122, 17.14961051940918, 37.375, -0.6958096027374268, 0.0, 0.0, 1559763612.413463]
[16.48583221435547, -0.32464399933815, 17.11083221435547, 37.375, -0.6920185685157776, 0.0, 0.0, 1559763612.480105]
[16.467144012451172, -0.3104351758956909, 17.097043991088867, 37.375, -0.6829842329025269, 0.0, 0.0, 1559763612.549819]
[16.43979835510254, -0.32276782393455505, 17.06817054748535, 37.5, -0.6741109490394592, 0.0, 0.0, 1559763612.619456]
[16.42346954345703, -0.31737467646598816, 17.05544090270996, 37.5, -0.6608859300613403, 0.0, 0.0, 1559763612.680241]
[16.392444610595703, -0.34429195523262024, 16.892444610595703, 37.5, -0.6872103810310364, 0.0, 0.0, 1559763612.747158]
[16.37114715576172, -0.33759376406669617, 16.873279571533203, 37.5, -0.704336404800415, 0.0, 0.0, 1559763612.821375]
[16.343870162963867, -0.34523382782936096, 16.847375869750977, 37.5, -0.7156417369842529, 0.0, 0.0, 1559763612.881354]
[16.314123153686523, -0.35891449451446533, 16.819910049438477, 37.625, -0.7224854826927185, 0.0, 0.0, 1559763612.94989]
[16.2933406829834, -0.356698602437973, 16.795682907104492, 37.625, -0.7246686816215515, 0.0, 0.0, 1559763613.014474]
[16.257204055786133, -0.380879282951355, 16.759016036987305, 37.625, -0.7265726327896118, 0.0, 0.0, 1559763613.080641]
[16.23531150817871, -0.37976348400115967, 16.7406005859375, 37.625, -0.7230099439620972, 0.0, 0.0, 1559763613.142283]
[16.211376190185547, -0.3731948435306549, 16.588624954223633, 37.75, -0.7531791925430298, 0.0, 0.0, 1559763613.21519]
[16.184772491455078, -0.38223394751548767, 16.559772491455078, 37.75, -0.7752647399902344, 0.0, 0.0, 1559763613.279822]
[16.1539306640625, -0.38204488158226013, 16.531692504882812, 37.75, -0.7902228236198425, 0.0, 0.0, 1559763613.351428]
[16.158010482788086, -0.3201843500137329, 16.533010482788086, 37.75, -0.79076087474823, 0.0, 0.0, 1559763613.413302]
[16.122238159179688, -0.3493077754974365, 16.500900268554688, 37.75, -0.7890785932540894, 0.0, 0.0, 1559763613.481508]
[16.09609031677246, -0.3537854850292206, 16.47565460205078, 37.875, -0.7836496233940125, 0.0, 0.0, 1559763613.555081]
[16.076101303100586, -0.3506186008453369, 16.451101303100586, 37.875, -0.7750453352928162, 0.0, 0.0, 1559763613.614916]
[16.059329986572266, -0.34073761105537415, 16.309329986572266, 37.875, -0.7974468469619751, 0.0, 0.0, 1559763613.67797]
[16.046459197998047, -0.31556838750839233, 16.296459197998047, 37.875, -0.8080028295516968, 0.0, 0.0, 1559763613.749183]
[16.014812469482422, -0.33126750588417053, 16.275712966918945, 37.875, -0.8109979629516602, 0.0, 0.0, 1559763613.841019]
[15.985353469848633, -0.3522845506668091, 16.23834991455078, 37.875, -0.8125305771827698, 0.0, 0.0, 1559763613.883475]
[15.95600700378418, -0.3726806640625, 16.20600700378418, 38.0, -0.8114145398139954, 0.0, 0.0, 1559763613.946906]
[15.933548927307129, -0.3624510169029236, 16.184310913085938, 38.0, -0.8051148056983948, 0.0, 0.0, 1559763614.014765]
[15.894588470458984, -0.3931789696216583, 16.149219512939453, 38.0, -0.7985035181045532, 0.0, 0.0, 1559763614.083457]
[15.868444442749023, -0.39017608761787415, 16.122127532958984, 38.0, -0.7894480228424072, 0.0, 0.0, 1559763614.154962]
[15.851255416870117, -0.37575623393058777, 16.101255416870117, 38.0, -0.7767524719238281, 0.0, 0.0, 1559763614.218707]
[15.827533721923828, -0.37049373984336853, 16.08542251586914, 38.125, -0.7598313093185425, 0.0, 0.0, 1559763614.283689]
[15.792702674865723, -0.3988478183746338, 16.04793357849121, 38.125, -0.7458901405334473, 0.0, 0.0, 1559763614.347298]
[15.741947174072266, -0.45068520307540894, 15.873502731323242, 38.125, -0.773682177066803, 0.0, 0.0, 1559763614.416734]
[15.696897506713867, -0.4807056486606598, 15.8282470703125, 38.125, -0.7982205152511597, 0.0, 0.0, 1559763614.484451]
[15.671771049499512, -0.4605281949043274, 15.923585891723633, 38.125, -0.7796082496643066, 0.0, 0.0, 1559763614.55116]
[15.650510787963867, -0.44658219814300537, 15.904272079467773, 38.125, -0.7588157653808594, 0.0, 0.0, 1559763614.612769]
[15.591492652893066, -0.5104620456695557, 15.852651596069336, 38.125, -0.7457677125930786, 0.0, 0.0, 1559763614.67947]
[15.55540657043457, -0.508473813533783, 15.806035995483398, 38.25, -0.7377915978431702, 0.0, 0.0, 1559763614.750544]
[15.513548851013184, -0.5347906351089478, 15.6449556350708, 38.25, -0.7667509317398071, 0.0, 0.0, 1559763614.810851]
[15.491090774536133, -0.5008425712585449, 15.74493408203125, 38.25, -0.750868022441864, 0.0, 0.0, 1559763614.883023]
[15.470894813537598, -0.4787521958351135, 15.720894813537598, 38.25, -0.7340607643127441, 0.0, 0.0, 1559763614.947426]
[15.42788028717041, -0.500572919845581, 15.67788028717041, 38.25, -0.7221583127975464, 0.0, 0.0, 1559763615.018115]
[15.386934280395508, -0.5149420499801636, 15.5208740234375, 38.25, -0.746975839138031, 0.0, 0.0, 1559763615.080356]
[15.351297378540039, -0.5249924063682556, 15.480496406555176, 38.25, -0.7680771946907043, 0.0, 0.0, 1559763615.145963]
[15.310440063476562, -0.5346581935882568, 15.440654754638672, 38.25, -0.7856940031051636, 0.0, 0.0, 1559763615.213018]
[15.275644302368164, -0.5286905765533447, 15.406936645507812, 38.25, -0.7984693050384521, 0.0, 0.0, 1559763615.285925]
[15.24766731262207, -0.5199285745620728, 15.37266731262207, 38.375, -0.8072718977928162, 0.0, 0.0, 1559763615.347558]
[15.22961139678955, -0.4783955514431, 15.356414794921875, 38.375, -0.8075645565986633, 0.0, 0.0, 1559763615.413477]
[15.17245101928711, -0.5316448211669922, 15.428840637207031, 38.375, -0.7755916118621826, 0.0, 0.0, 1559763615.485108]
[15.130392074584961, -0.5555671453475952, 15.388385772705078, 38.375, -0.749998927116394, 0.0, 0.0, 1559763615.550463]
[15.089377403259277, -0.5598200559616089, 15.343891143798828, 38.375, -0.7311277985572815, 0.0, 0.0, 1559763615.616701]
[15.049211502075195, -0.5648544430732727, 15.312140464782715, 38.375, -0.7143678665161133, 0.0, 0.0, 1559763615.679271]
[15.006275177001953, -0.5836564302444458, 15.25974178314209, 38.375, -0.705464780330658, 0.0, 0.0, 1559763615.74439]
[15.002913475036621, -0.4985032081604004, 15.25230598449707, 38.375, -0.6902559995651245, 0.0, 0.0, 1559763615.814212]
[14.963500022888184, -0.5071592926979065, 15.215271949768066, 38.375, -0.6785746216773987, 0.0, 0.0, 1559763615.879483]
[14.918553352355957, -0.5430904626846313, 15.055793762207031, 38.5, -0.7049005627632141, 0.12992125749588013, 0.0, 1559763615.952229]
[14.855171203613281, -0.5989865064620972, 14.980171203613281, 38.5, -0.7378969788551331, 0.14566929638385773, 0.0, 1559763616.01403]
[14.882091522216797, -0.4564105272293091, 15.007091522216797, 38.5, -0.7465798854827881, 0.16141732037067413, 0.0, 1559763616.080543]
[14.845940589904785, -0.46097108721733093, 14.965291976928711, 38.5, -0.7549365758895874, 0.16141732037067413, 0.0, 1559763616.150294]
[14.876856803894043, -0.31940457224845886, 15.126856803894043, 38.5, -0.7048365473747253, 0.16141732037067413, 0.0, 1559763616.221059]
[14.862735748291016, -0.3010963499546051, 15.114032745361328, 38.5, -0.6575829982757568, 0.16535432636737823, 0.0, 1559763616.280338]
[14.856505393981934, -0.27427372336387634, 14.981505393981934, 38.5, -0.6475070118904114, 0.16535432636737823, 0.0, 1559763616.347638]
[14.853952407836914, -0.23657970130443573, 14.978907585144043, 38.5, -0.6307878494262695, 0.16535432636737823, 0.0, 1559763616.418846]
[14.861486434936523, -0.18262983858585358, 14.987443923950195, 38.5, -0.6057111620903015, 0.16535432636737823, 0.0, 1559763616.480189]
[14.862287521362305, -0.15150730311870575, 14.986235618591309, 38.5, -0.5769602656364441, 0.16535432636737823, 0.0, 1559763616.548981]
[14.876517295837402, -0.09810999780893326, 14.998854637145996, 38.5, -0.5416754484176636, 0.16535432636737823, 0.0, 1559763616.625778]
[14.869735717773438, -0.09773598611354828, 14.869087219238281, 38.5, -0.5422256588935852, 0.16535432636737823, 0.0, 1559763616.683368]
[14.86235237121582, -0.09981793165206909, 14.864253044128418, 38.5, -0.5363129377365112, 0.16535432636737823, 0.0, 1559763616.754256]
[14.87291145324707, -0.05765446648001671, 14.867158889770508, 38.625, -0.5230045914649963, 0.16535432636737823, 0.0, 1559763616.832116]
[14.875740051269531, -0.045914214104413986, 14.875740051269531, 38.625, -0.5022351741790771, 0.16535432636737823, 0.0, 1559763616.876485]
[14.874244689941406, -0.040427155792713165, 14.74855899810791, 38.5, -0.5144458413124084, 0.16535432636737823, 0.0, 1559763616.950481]
[14.895812034606934, 0.014360575005412102, 14.767440795898438, 38.5, -0.5116657018661499, 0.16535432636737823, 0.0, 1559763617.012055]
[14.897380828857422, 0.016125589609146118, 14.772380828857422, 38.5, -0.5006827116012573, 0.16535432636737823, 0.0, 1559763617.081804]
[14.899185180664062, 0.015550314448773861, 14.777144432067871, 38.5, -0.4832181930541992, 0.16535432636737823, 0.0, 1559763617.144921]
[14.894307136535645, 0.0031453268602490425, 14.644307136535645, 38.5, -0.5000104308128357, 0.16535432636737823, 0.0, 1559763617.217076]
[14.905150413513184, 0.02718035876750946, 14.655150413513184, 38.5, -0.5034676194190979, 0.16535432636737823, 0.0, 1559763617.278518]
[14.900847434997559, 0.01430188026279211, 14.524045944213867, 38.5, -0.5365356802940369, 0.16535432636737823, 0.0, 1559763617.346008]
[14.929927825927734, 0.07805594801902771, 14.550772666931152, 38.5, -0.5482072830200195, 0.16535432636737823, 0.0, 1559763617.411786]
[14.931675910949707, 0.0707971528172493, 14.431675910949707, 38.375, -0.5839057564735413, 0.16535432636737823, 0.0, 1559763617.479647]
[14.926787376403809, 0.04724722355604172, 14.427556037902832, 38.375, -0.6058542132377625, 0.16535432636737823, 0.0, 1559763617.54846]
[14.930950164794922, 0.0504329651594162, 14.305191040039062, 38.375, -0.6500428318977356, 0.16535432636737823, 0.0, 1559763617.618931]
[14.942371368408203, 0.0672636404633522, 14.320919036865234, 38.25, -0.67230224609375, 0.16535432636737823, 0.0, 1559763617.679468]
[14.944024085998535, 0.06275530159473419, 14.315197944641113, 38.25, -0.6824875473976135, 0.16535432636737823, 0.0, 1559763617.749275]
[14.926213264465332, 0.01289683673530817, 14.304648399353027, 38.25, -0.6840608716011047, 0.16535432636737823, 0.0, 1559763617.814788]
[14.931398391723633, 0.023911546915769577, 14.306398391723633, 38.125, -0.6750772595405579, 0.16535432636737823, 0.0, 1559763617.875878]
[14.941404342651367, 0.03969347104430199, 14.193073272705078, 38.125, -0.6904737949371338, 0.16535432636737823, 0.0, 1559763617.957446]
[14.93743896484375, 0.025429148226976395, 14.062847137451172, 38.0, -0.7303564548492432, 0.16535432636737823, 0.0, 1559763618.013192]
[14.964398384094238, 0.08255434036254883, 14.089398384094238, 38.0, -0.7448675036430359, 0.16535432636737823, 0.0, 1559763618.076818]
[14.956873893737793, 0.054268866777420044, 13.956873893737793, 37.875, -0.7839078307151794, 0.16535432636737823, 0.0, 1559763618.151027]
[14.980636596679688, 0.09933222830295563, 13.852558135986328, 37.875, -0.8343369960784912, 0.16535432636737823, 0.0, 1559763618.214101]
[14.984429359436035, 0.09456418454647064, 13.734429359436035, 37.75, -0.8972771167755127, 0.16535432636737823, 0.0, 1559763618.27891]
[14.99571418762207, 0.1038612350821495, 13.62071418762207, 37.75, -0.9682597517967224, 0.16535432636737823, 0.0, 1559763618.348722]
[14.983992576599121, 0.06100273132324219, 13.610630989074707, 37.625, -1.0151944160461426, 0.16535432636737823, 0.0, 1559763618.41338]
[14.997812271118164, 0.08244936913251877, 13.496971130371094, 37.5, -1.0714267492294312, 0.15354330837726593, 0.0, 1559763618.478435]
[15.015725135803223, 0.11114081740379333, 13.511113166809082, 37.375, -1.0979431867599487, 0.13779526948928833, 0.0, 1559763618.550109]
[15.030410766601562, 0.12894849479198456, 13.40377426147461, 37.25, -1.1345399618148804, 0.11417322605848312, 0.0, 1559763618.613488]
[15.032991409301758, 0.11696410924196243, 13.282991409301758, 37.25, -1.1826726198196411, 0.09055118262767792, 0.0, 1559763618.678143]
[15.03378677368164, 0.09716996550559998, 13.159736633300781, 37.125, -1.2402304410934448, 0.03937007859349251, 0.0, 1559763618.748785]
[15.0228271484375, 0.058954522013664246, 13.024483680725098, 37.0, -1.3080779314041138, 0.0, 0.0, 1559763618.823553]
[15.023961067199707, 0.05049512907862663, 13.029105186462402, 36.75, -1.3434054851531982, 0.0, 0.0, 1559763618.879375]
[15.005949974060059, 0.0033301422372460365, 13.0065279006958, 36.625, -1.3594781160354614, 0.0, 0.0, 1559763618.952283]
[14.999138832092285, -0.012634282931685448, 12.875146865844727, 36.5, -1.3906899690628052, 0.0, 0.0, 1559763619.015062]
[14.991211891174316, -0.02938106656074524, 12.741211891174316, 36.375, -1.434530258178711, 0.0, 0.0, 1559763619.081523]
[14.967483520507812, -0.07646574079990387, 12.719905853271484, 36.25, -1.4558801651000977, 0.0, 0.0, 1559763619.152055]
[14.944499969482422, -0.11829876899719238, 12.697797775268555, 36.125, -1.458815574645996, 0.0, 0.0, 1559763619.214138]
[14.92867374420166, -0.1360042840242386, 12.55367374420166, 36.0, -1.481535792350769, 0.0, 0.0, 1559763619.289856]
[14.892614364624023, -0.19474193453788757, 12.521185874938965, 35.75, -1.4881861209869385, 0.0, 0.0, 1559763619.350696]
[14.863100051879883, -0.2352237105369568, 12.488100051879883, 35.625, -1.4818089008331299, 0.0, 0.0, 1559763619.417979]
[14.829730987548828, -0.2730346620082855, 12.458863258361816, 35.5, -1.4638006687164307, 0.0, 0.0, 1559763619.48074]
[14.804326057434082, -0.2942090332508087, 12.43553352355957, 35.375, -1.4348788261413574, 0.0, 0.0, 1559763619.544239]
[14.764457702636719, -0.32977691292762756, 12.397001266479492, 35.125, -1.401811957359314, 0.0, 0.0, 1559763619.629055]
[14.749248504638672, -0.3200867474079132, 12.381779670715332, 35.0, -1.3591809272766113, 0.0, 0.0, 1559763619.681085]
[14.713370323181152, -0.3496870696544647, 12.342232704162598, 34.875, -1.3163059949874878, 0.0, 0.0, 1559763619.748323]
[14.689617156982422, -0.34763145446777344, 12.319706916809082, 34.75, -1.2689839601516724, 0.0, 0.0, 1559763619.826489]
[14.658331871032715, -0.3715599477291107, 12.289360046386719, 34.5, -1.2209446430206299, 0.0, 0.0, 1559763619.884889]
[14.560108184814453, -0.3626989424228668, 12.187363624572754, 33.875, -1.0275914669036865, 0.0, 0.0, 1559763620.151124]
[14.553193092346191, -0.32871317863464355, 12.053824424743652, 33.75, -1.011030912399292, 0.0, 0.0, 1559763620.216368]
[14.49743366241455, -0.4031240940093994, 12.005438804626465, 33.625, -0.9969088435173035, 0.0, 0.0, 1559763620.279796]
[14.456894874572754, -0.4303714632987976, 12.086746215820312, 33.375, -0.9479424357414246, 0.0, 0.0, 1559763620.354878]
[14.401199340820312, -0.49843791127204895, 12.026199340820312, 33.25, -0.9117697477340698, 0.0, 0.0, 1559763620.416566]
[14.419571876525879, -0.3796490430831909, 12.047587394714355, 33.125, -0.8631488084793091, 0.0, 0.0, 1559763620.481595]
[14.404388427734375, -0.3625519275665283, 12.029388427734375, 32.875, -0.8163758516311646, 0.0, 0.0, 1559763620.548722]
[14.373233795166016, -0.3758898079395294, 11.998233795166016, 32.75, -0.7754771709442139, 0.0, 0.0, 1559763620.621231]
[14.34765625, -0.37380120158195496, 12.10022258758545, 32.625, -0.7019327282905579, 0.0, 0.0, 1559763620.681238]
[14.308612823486328, -0.41461503505706787, 12.058612823486328, 32.5, -0.6438238024711609, 0.0, 0.0, 1559763620.748793]
[14.291050910949707, -0.3849690854549408, 12.039563179016113, 32.375, -0.5926886796951294, 0.0, 0.0, 1559763620.815341]
[14.24520492553711, -0.4380282461643219, 11.99520492553711, 32.125, -0.5551970601081848, 0.0, 0.0, 1559763620.880298]
[14.22721004486084, -0.3940359354019165, 11.971246719360352, 32.0, -0.5235404968261719, 0.0, 0.0, 1559763620.951037]
[14.205137252807617, -0.3915954530239105, 12.084380149841309, 31.875, -0.4579468369483948, 0.0, 0.0, 1559763621.015077]
[14.172816276550293, -0.4116388261318207, 11.922816276550293, 31.75, -0.4440579414367676, 0.0, 0.0, 1559763621.080741]
[14.155298233032227, -0.3757474422454834, 12.030219078063965, 31.625, -0.395723432302475, 0.0, 0.0, 1559763621.150575]
[14.153958320617676, -0.32753986120224, 12.028958320617676, 31.5, -0.35102105140686035, 0.0, 0.0, 1559763621.218462]
[14.1248779296875, -0.3429281711578369, 12.007051467895508, 31.25, -0.31581413745880127, 0.0, 0.0, 1559763621.280289]
[14.08144760131836, -0.38692840933799744, 12.087912559509277, 31.125, -0.25950685143470764, 0.0, 0.0, 1559763621.353791]
[14.075326919555664, -0.3472372889518738, 12.075210571289062, 31.0, -0.21351534128189087, 0.0, 0.0, 1559763621.415102]
[14.040173530578613, -0.3725356161594391, 12.047913551330566, 30.875, -0.1807597130537033, 0.0, 0.0, 1559763621.492144]
[14.012040138244629, -0.3847297728061676, 12.012040138244629, 30.75, -0.16171343624591827, 0.0, 0.0, 1559763621.55179]
[13.996867179870605, -0.358256071805954, 11.998543739318848, 30.625, -0.14772799611091614, 0.0, 0.0, 1559763621.616199]
[13.961211204528809, -0.3828156888484955, 11.96743106842041, 30.5, -0.14309926331043243, 0.0, 0.0, 1559763621.685205]
[13.925926208496094, -0.41147658228874207, 11.925926208496094, 30.375, -0.14913369715213776, 0.0, 0.0, 1559763621.748818]
[13.891973495483398, -0.42204177379608154, 11.89509105682373, 30.25, -0.1607300192117691, 0.0, 0.0, 1559763621.815274]
[13.873101234436035, -0.3981945514678955, 12.003084182739258, 30.125, -0.13705308735370636, 0.0, 0.0, 1559763621.883961]
[13.849642753601074, -0.38787347078323364, 11.977194786071777, 30.0, -0.12318272888660431, 0.0, 0.0, 1559763621.949561]
[13.832870483398438, -0.3729690909385681, 11.960028648376465, 29.875, -0.11501579731702805, 0.0, 0.0, 1559763622.015389]
[13.806449890136719, -0.3744538426399231, 11.939440727233887, 29.75, -0.11259321123361588, 0.0, 0.0, 1559763622.080832]
[13.775901794433594, -0.3827056288719177, 11.902764320373535, 29.625, -0.11948332190513611, 0.0, 0.0, 1559763622.152237]
[13.762024879455566, -0.36197662353515625, 12.01382064819336, 29.5, -0.09168309718370438, 0.0, 0.0, 1559763622.213447]
[13.736120223999023, -0.36309707164764404, 11.988813400268555, 29.375, -0.07484643906354904, 0.0, 0.0, 1559763622.284099]
[13.700929641723633, -0.3872722387313843, 11.959108352661133, 29.25, -0.06853142380714417, 0.0, 0.0, 1559763622.350482]
[13.661445617675781, -0.42365968227386475, 11.911445617675781, 29.125, -0.07601390779018402, 0.0, 0.0, 1559763622.414301]
[13.644414901733398, -0.39584049582481384, 11.774109840393066, 29.0, -0.12024661898612976, 0.0, 0.0, 1559763622.480197]
[13.633816719055176, -0.35580697655677795, 11.757787704467773, 28.875, -0.15925836563110352, 0.0, 0.0, 1559763622.552517]
[13.621176719665527, -0.33631595969200134, 11.74820613861084, 28.75, -0.19153109192848206, 0.0, 0.0, 1559763622.618343]
[13.579331398010254, -0.37515634298324585, 11.702866554260254, 28.625, -0.2280588299036026, 0.0, 0.0, 1559763622.681474]
[13.56666088104248, -0.34698981046676636, 11.696977615356445, 28.5, -0.25626930594444275, 0.0, 0.0, 1559763622.751781]
[13.543463706970215, -0.3519922196865082, 11.6712646484375, 28.375, -0.2829558849334717, 0.0, 0.0, 1559763622.816118]
[13.512907981872559, -0.3661133646965027, 11.769063949584961, 28.25, -0.2727494537830353, 0.0, 0.10096153616905212, 1559763622.882341]
[13.483757019042969, -0.3735041916370392, 11.611907005310059, 28.125, -0.3054095506668091, 0.0, 0.14903846383094788, 1559763622.954106]
[13.462246894836426, -0.3630315363407135, 11.592523574829102, 28.0, -0.3332153558731079, 0.0, 0.21153846383094788, 1559763623.020196]
[13.428472518920898, -0.3899567425251007, 11.55840015411377, 27.875, -0.3608749806880951, 0.0, 0.24519230425357819, 1559763623.080271]
[13.40451431274414, -0.3821384310722351, 11.532264709472656, 27.75, -0.3857394754886627, 0.0, 0.25, 1559763623.151915]
[13.346063613891602, -0.4649367034435272, 11.482386589050293, 27.625, -0.4147496223449707, 0.0, 0.25, 1559763623.218923]
[13.266221046447754, -0.5705946683883667, 11.40228271484375, 27.5, -0.45535704493522644, 0.0, 0.2548076808452606, 1559763623.28218]
[13.17432689666748, -0.704547643661499, 11.42432689666748, 27.375, -0.4756724536418915, 0.0, 0.2548076808452606, 1559763623.347321]
[13.107440948486328, -0.7401682734489441, 11.361449241638184, 27.25, -0.5034012794494629, 0.0, 0.2548076808452606, 1559763623.415448]
[13.043831825256348, -0.7683455348014832, 11.435975074768066, 27.25, -0.4975430369377136, 0.0, 0.2548076808452606, 1559763623.480362]
[12.963051795959473, -0.8467413187026978, 11.338051795959473, 27.125, -0.5136247873306274, 0.0, 0.2548076808452606, 1559763623.54912]
[12.890898704528809, -0.8755266666412354, 11.399604797363281, 27.0, -0.5018279552459717, 0.0, 0.2548076808452606, 1559763623.612446]
[12.787619590759277, -0.9701432585716248, 11.301278114318848, 26.875, -0.5131213068962097, 0.0, 0.25961539149284363, 1559763623.682133]
[12.69978141784668, -1.0162557363510132, 11.338767051696777, 26.875, -0.5042986869812012, 0.0, 0.25961539149284363, 1559763623.753954]
[12.594149589538574, -1.0696049928665161, 11.380247116088867, 26.75, -0.47805964946746826, 0.0, 0.25961539149284363, 1559763623.835988]
[12.521717071533203, -1.1135494709014893, 11.287263870239258, 26.625, -0.4763902425765991, 0.0, 0.25961539149284363, 1559763623.892122]
[12.451077461242676, -1.1220126152038574, 11.326077461242676, 26.625, -0.4571439027786255, 0.0, 0.25961539149284363, 1559763623.952125]
[12.362873077392578, -1.1177213191986084, 11.38021469116211, 26.5, -0.41946420073509216, 0.0, 0.25961539149284363, 1559763624.020105]
[12.295222282409668, -1.1188710927963257, 11.431453704833984, 26.5, -0.36811938881874084, 0.0, 0.25961539149284363, 1559763624.0923]
[12.211861610412598, -1.1314343214035034, 11.348649024963379, 26.375, -0.34464165568351746, 0.0, 0.25961539149284363, 1559763624.151189]
[12.14303207397461, -1.13368558883667, 11.403117179870605, 26.25, -0.3050234615802765, 0.0, 0.25961539149284363, 1559763624.214814]
[12.084494590759277, -1.1115436553955078, 11.334494590759277, 26.25, -0.2879588305950165, 0.0, 0.25961539149284363, 1559763624.279668]
[11.983747482299805, -1.136228322982788, 11.368346214294434, 26.25, -0.26026633381843567, 0.0, 0.25961539149284363, 1559763624.354135]
[11.92602252960205, -1.1126513481140137, 11.434550285339355, 26.125, -0.21506482362747192, 0.0, 0.25961539149284363, 1559763624.416039]
[11.84351634979248, -1.1484533548355103, 11.46851634979248, 26.125, -0.16543735563755035, 0.0, 0.25961539149284363, 1559763624.47833]
[11.757689476013184, -1.1607794761657715, 11.382689476013184, 26.125, -0.1471167951822281, 0.0, 0.26442307233810425, 1559763624.547454]
[11.68596076965332, -1.1381661891937256, 11.443262100219727, 26.125, -0.11278082430362701, 0.0, 0.26442307233810425, 1559763624.618082]
[11.59813404083252, -1.1569812297821045, 11.488103866577148, 26.125, -0.07036799937486649, 0.0, 0.2740384638309479, 1559763624.680259]
[11.514744758605957, -1.1619081497192383, 11.524588584899902, 26.125, -0.024361170828342438, 0.0, 0.2740384638309479, 1559763624.75448]
[11.440556526184082, -1.1729704141616821, 11.577482223510742, 26.125, 0.028604993596673012, 0.0, 0.2788461446762085, 1559763624.818904]
[11.349478721618652, -1.2202227115631104, 11.474478721618652, 26.125, 0.041972629725933075, 0.0, 0.2884615361690521, 1559763624.880172]
[11.264626502990723, -1.2205276489257812, 11.514626502990723, 26.125, 0.06373779475688934, 0.0, 0.29326921701431274, 1559763624.955415]
[11.17470932006836, -1.2291518449783325, 11.559008598327637, 26.125, 0.09324873983860016, 0.0, 0.30288460850715637, 1559763625.014577]
[11.082740783691406, -1.2411242723464966, 11.597006797790527, 26.125, 0.12683136761188507, 0.0, 0.3076923191547394, 1559763625.081917]
[10.984149932861328, -1.2696458101272583, 11.625903129577637, 26.25, 0.16065554320812225, 0.0, 0.3125, 1559763625.156502]
[10.888799667358398, -1.3127530813217163, 11.526880264282227, 26.25, 0.1576659381389618, 0.0, 0.3125, 1559763625.213673]
[10.784865379333496, -1.3404343128204346, 11.55322551727295, 26.25, 0.16050006449222565, 0.0, 0.3173076808452606, 1559763625.283165]
[10.67186164855957, -1.3847907781600952, 11.564159393310547, 26.375, 0.16364167630672455, 0.0, 0.32211539149284363, 1559763625.353577]
[10.569310188293457, -1.3954896926879883, 11.579524993896484, 26.375, 0.16825465857982635, 0.0, 0.33173078298568726, 1559763625.420495]
[0.638822078704834, 0.30313640832901, 1.263822078704834, 45.75, 0.0468936525285244, 0.0, 0.2788461446762085, 1559763678.94072]
[1.9702284336090088, -0.32199838757514954, 0.22278666496276855, 4.5, 0.0018720832886174321, 0.09448818862438202, 0.0, 1559763699.145709]
[1.9507927894592285, -0.3153528571128845, 0.32857000827789307, 4.375, -0.026333197951316833, 0.09448818862438202, 0.0, 1559763699.214082]
[1.932762622833252, -0.3131958842277527, 0.31011855602264404, 4.25, -0.05422493442893028, 0.07874015718698502, 0.0, 1559763699.274622]
[1.9077562093734741, -0.3192707300186157, 0.2847166061401367, 4.125, -0.08344750851392746, 0.035433072596788406, 0.0, 1559763699.34842]
[1.8943345546722412, -0.30655637383461, 0.2693345546722412, 4.0, -0.11047682166099548, 0.0, 0.0, 1559763699.408678]
[1.8748838901519775, -0.3020564317703247, 0.3771723508834839, 3.875, -0.10014593601226807, 0.0, 0.0, 1559763699.476651]
[1.8353925943374634, -0.3429005444049835, 0.3407094478607178, 3.875, -0.10070429742336273, 0.0, 0.0, 1559763699.543966]
[1.8006737232208252, -0.3757028579711914, 0.3006737232208252, 3.75, -0.11115411669015884, 0.0, 0.0, 1559763699.610649]
[1.7642585039138794, -0.3979519009590149, 0.26815974712371826, 3.625, -0.12737244367599487, 0.0, 0.0, 1559763699.675276]
[1.1712889671325684, -0.6515681743621826, 0.0, 7.5, 0.0, 0.0, 0.0, 1559763700.545111]
[1.123887062072754, -0.6555700302124023, 0.0, 7.375, 0.0, 0.0, 0.0, 1559763700.618872]
[1.0843247175216675, -0.6410632729530334, 0.0, 7.25, 0.0, 0.0, 0.0, 1559763700.67523]
[1.0469999313354492, -0.6381537318229675, 0.0, 7.25, 0.0, 0.0, 0.0, 1559763700.74189]
[1.0049071311950684, -0.6181057691574097, 0.0, 7.125, 0.0, 0.0, 0.0, 1559763700.816564]
[0.9788568019866943, -0.5927515029907227, 0.0, 7.0, 0.0, 0.0, 0.0, 1559763700.883846]
[0.9431775808334351, -0.5927715301513672, 0.0, 7.0, 0.0, 0.0, 0.0, 1559763700.940883]
[0.8986879587173462, -0.586295485496521, 0.0, 6.875, 0.0, 0.0, 0.0, 1559763701.015806]
