[0.6194325089454651, 0.3162855803966522, 1.2444324493408203, 1.375, 0.0, 0.0, 0.30288460850715637, 1559750284.50436]
[0.6406141519546509, 0.314100444316864, 1.2616386413574219, 1.375, 0.004913290962576866, 0.0, 0.30288460850715637, 1559750284.572167]
[0.6591283679008484, 0.31334492564201355, 1.2841284275054932, 1.375, 0.015271486714482307, 0.0, 0.30288460850715637, 1559750284.635468]
[0.6798508167266846, 0.31074607372283936, 1.3021398782730103, 1.375, 0.028642863035202026, 0.0, 0.30288460850715637, 1559750284.699652]
[0.7019727230072021, 0.3185921907424927, 1.3269727230072021, 1.375, 0.04622815549373627, 0.0, 0.30288460850715637, 1559750284.770447]
[0.7234205603599548, 0.31638962030410767, 1.3484206199645996, 1.375, 0.06603183597326279, 0.0, 0.30288460850715637, 1559750284.836498]
[0.7396589517593384, 0.31057214736938477, 1.3646589517593384, 1.375, 0.08587408065795898, 0.0, 0.30288460850715637, 1559750284.896187]
[0.7610474824905396, 0.30946314334869385, 1.5110474824905396, 1.375, 0.14262931048870087, 0.0, 0.30288460850715637, 1559750284.961054]
[0.7829527854919434, 0.30971649289131165, 1.4079527854919434, 1.375, 0.15743254125118256, 0.0, 0.30288460850715637, 1559750285.033115]
[0.795908510684967, 0.2969542145729065, 1.4209084510803223, 1.5, 0.17095501720905304, 0.0, 0.30288460850715637, 1559750285.095352]
[0.8085662126541138, 0.2785084843635559, 1.4322803020477295, 1.5, 0.18278777599334717, 0.0, 0.30288460850715637, 1559750285.158642]
[0.827971339225769, 0.2779200077056885, 1.452971339225769, 1.5, 0.1957349181175232, 0.0, 0.3076923191547394, 1559750285.252451]
[0.8481166958808899, 0.2736106216907501, 1.4681589603424072, 1.5, 0.2078343778848648, 0.0, 0.3076923191547394, 1559750285.313941]
[0.857993483543396, 0.26470649242401123, 1.606536626815796, 1.625, 0.2542472183704376, 0.0, 0.3125, 1559750285.391758]
[0.872232973575592, 0.25472739338874817, 1.620769739151001, 1.625, 0.2925269305706024, 0.0, 0.32211539149284363, 1559750285.437866]
[0.8787845373153687, 0.23484577238559723, 1.6287845373153687, 1.75, 0.32185259461402893, 0.0, 0.32211539149284363, 1559750285.492669]
[0.8844797611236572, 0.21578684449195862, 1.6344797611236572, 1.75, 0.3427959680557251, 0.0, 0.32211539149284363, 1559750285.560854]
[0.8877173066139221, 0.18907710909843445, 1.6377172470092773, 1.75, 0.3559035658836365, 0.0, 0.32211539149284363, 1559750285.628274]
[0.8912740349769592, 0.1673712432384491, 1.640749454498291, 1.875, 0.362375944852829, 0.0, 0.32211539149284363, 1559750285.695865]
[0.8909575343132019, 0.14367187023162842, 1.6409575939178467, 1.875, 0.3625391125679016, 0.0, 0.32211539149284363, 1559750285.76177]
[0.8913028836250305, 0.12187816947698593, 1.6412990093231201, 1.875, 0.35759350657463074, 0.0, 0.32692307233810425, 1559750285.820385]
[0.8906602263450623, 0.10124050080776215, 1.640803337097168, 2.0, 0.3483136296272278, 0.0, 0.32692307233810425, 1559750285.903731]
[0.8877987861633301, 0.08083435148000717, 1.63779878616333, 2.0, 0.3349156677722931, 0.0, 0.32692307233810425, 1559750285.959284]
[0.8876803517341614, 0.06801435351371765, 1.6376802921295166, 2.125, 0.31917521357536316, 0.0, 0.32692307233810425, 1559750286.021121]
[0.89040607213974, 0.06500034779310226, 1.6404061317443848, 2.125, 0.30256155133247375, 0.0, 0.32692307233810425, 1559750286.087133]
[0.8913177847862244, 0.05660466477274895, 1.6413178443908691, 2.25, 0.28495511412620544, 0.0, 0.32692307233810425, 1559750286.158651]
[0.8859458565711975, 0.035455070436000824, 1.6367826461791992, 2.25, 0.26523515582084656, 0.0, 0.32692307233810425, 1559750286.220251]
[0.8838499784469604, 0.028017012402415276, 1.6338499784469604, 2.25, 0.24453091621398926, 0.0, 0.32692307233810425, 1559750286.252842]
[0.8847869038581848, 0.02607049234211445, 1.6332184076309204, 2.25, 0.22397683560848236, 0.0, 0.32692307233810425, 1559750286.319854]
[0.8852567076683044, 0.02279718965291977, 1.6352567672729492, 2.375, 0.20460101962089539, 0.0, 0.32692307233810425, 1559750286.38308]
[0.8717626929283142, -0.011154109612107277, 1.621762752532959, 2.375, 0.18202732503414154, 0.0, 0.32692307233810425, 1559750286.454421]
[0.8559377789497375, -0.044826261699199677, 1.607717752456665, 2.375, 0.15701104700565338, 0.0, 0.32692307233810425, 1559750286.521163]
[0.8426098823547363, -0.06890161335468292, 1.5926098823547363, 2.5, 0.13005666434764862, 0.0, 0.32692307233810425, 1559750286.587839]
[0.8317252993583679, -0.08242078870534897, 1.582987666130066, 2.5, 0.10347326099872589, 0.0, 0.32692307233810425, 1559750286.651002]
[0.8306772708892822, -0.07169833034276962, 1.45608651638031, 2.5, 0.04408247396349907, 0.0, 0.32692307233810425, 1559750286.719249]
[0.8282403349876404, -0.06752946227788925, 1.5782403945922852, 2.625, 0.029906779527664185, 0.0, 0.32692307233810425, 1559750286.78557]
[0.8275229334831238, -0.05830319598317146, 1.5775229930877686, 2.625, 0.0177159383893013, 0.0, 0.32692307233810425, 1559750286.857557]
[0.8285001516342163, -0.04813263565301895, 1.5785001516342163, 2.625, 0.007801523897796869, 0.0, 0.32692307233810425, 1559750286.919133]
[0.8294913172721863, -0.03834298998117447, 1.579491376876831, 2.75, -0.00011113329674117267, 0.0, 0.32692307233810425, 1559750286.991053]
[0.8321449160575867, -0.026221711188554764, 1.5821449756622314, 2.75, -0.005803851876407862, 0.0, 0.3365384638309479, 1559750287.054004]
[0.8335605263710022, -0.019144421443343163, 1.5843539237976074, 2.875, -0.009732071310281754, 0.0, 0.3365384638309479, 1559750287.118579]
[0.8284890651702881, -0.027588674798607826, 1.5792760848999023, 2.875, -0.014246254228055477, 0.0, 0.3365384638309479, 1559750287.193015]
[0.8216217160224915, -0.0395500510931015, 1.5716216564178467, 2.875, -0.01990947127342224, 0.0, 0.3365384638309479, 1559750287.252959]
[0.8133352994918823, -0.05192367359995842, 1.5646882057189941, 3.0, -0.0262229535728693, 0.0, 0.3461538553237915, 1559750287.320928]
[0.8058081865310669, -0.0606614351272583, 1.5568232536315918, 3.0, -0.033242449164390564, 0.0, 0.36057692766189575, 1559750287.391454]
[0.797201931476593, -0.07208675146102905, 1.5472018718719482, 3.125, -0.04123900458216667, 0.0, 0.38461539149284363, 1559750287.458212]
[0.7667177319526672, -0.12975625693798065, 1.522902488708496, 3.125, -0.05410948023200035, 0.0, 0.4038461446762085, 1559750287.521881]
[0.7217473983764648, -0.21142931282520294, 1.4795008897781372, 3.25, -0.07622508704662323, 0.0, 0.4086538553237915, 1559750287.590881]
[0.6669994592666626, -0.30754414200782776, 1.4169994592666626, 3.25, -0.11101754009723663, 0.0, 0.4086538553237915, 1559750287.661668]
[0.5997636914253235, -0.4182532727718353, 1.2247636318206787, 3.375, -0.19269616901874542, 0.0, 0.4086538553237915, 1559750287.718806]
[0.5011645555496216, -0.5634344816207886, 1.1390550136566162, 3.375, -0.28102079033851624, 0.0, 0.4086538553237915, 1559750287.791299]
[0.43440088629722595, -0.638035774230957, 0.9344009160995483, 3.375, -0.40746888518333435, 0.0, 0.4038461446762085, 1559750287.856775]
[0.348971962928772, -0.7296896576881409, 0.862730860710144, 3.5, -0.5252236723899841, 0.0, 0.38942307233810425, 1559750287.922264]
[0.2852819263935089, -0.7747895121574402, 0.6602818965911865, 3.5, -0.6715530157089233, 0.0, 0.35576921701431274, 1559750287.985713]
[0.226806640625, -0.7839365005493164, 0.601806640625, 3.5, -0.7979809045791626, 0.0, 0.33173078298568726, 1559750288.052706]
[0.18263502418994904, -0.7597114443778992, 0.0, 3.5, 0.0, 0.0, 0.32692307233810425, 1559750288.121189]
[0.1480618268251419, -0.7346287369728088, 0.0, 3.625, 0.0, 0.0, 0.32692307233810425, 1559750288.186363]
[0.12261829525232315, -0.6755949258804321, 0.0, 3.625, 0.0, 0.0, 0.32692307233810425, 1559750288.253151]
[0.11133769899606705, -0.6088849306106567, 0.0, 3.625, 0.0, 0.0, 0.32692307233810425, 1559750288.320003]
[0.1106441542506218, -0.5014814138412476, 0.0, 3.625, 0.0, 0.0, 0.33173078298568726, 1559750288.390744]
[0.11791785806417465, -0.4164958596229553, 0.0, 3.625, 0.0, 0.0, 0.33173078298568726, 1559750288.45287]
[0.14340028166770935, -0.29346203804016113, 0.0, 3.625, 0.0, 0.0, 0.3365384638309479, 1559750288.521142]
[0.16644097864627838, -0.20086757838726044, 0.0, 3.625, 0.0, 0.0, 0.3365384638309479, 1559750288.585131]
[0.19677849113941193, -0.10095680505037308, 0.0, 3.75, 0.0, 0.0, 0.3365384638309479, 1559750288.65497]
[0.22202952206134796, -0.028476649895310402, 0.0, 3.75, 0.0, 0.0, 0.3365384638309479, 1559750288.724657]
[0.2427222579717636, 0.022487878799438477, 0.4927222728729248, 3.75, -0.9750556945800781, 0.0, 0.33173078298568726, 1559750288.784901]
[0.26354655623435974, 0.06559976190328598, 0.5135465860366821, 3.75, -0.8828113079071045, 0.0, 0.32211539149284363, 1559750288.854026]
[0.28350207209587097, 0.10007742792367935, 0.5303839445114136, 3.75, -0.7901819944381714, 0.0, 0.3076923191547394, 1559750288.921311]
[0.3012380003929138, 0.12420264631509781, 0.6737909317016602, 3.75, -0.6624188423156738, 0.0, 0.29326921701431274, 1559750288.989069]
[0.31654632091522217, 0.1421271562576294, 0.6915463209152222, 3.875, -0.5437117218971252, 0.0, 0.26923078298568726, 1559750289.052087]
[0.34415391087532043, 0.18226853013038635, 0.8377723693847656, 3.875, -0.39739859104156494, 0.0, 0.24519230425357819, 1559750289.123324]
[0.3774404525756836, 0.23336905241012573, 0.8774404525756836, 3.875, -0.26109227538108826, 0.0, 0.23076923191547394, 1559750289.187476]
[0.41978713870048523, 0.29198765754699707, 0.9142245054244995, 3.875, -0.1357153058052063, 0.0, 0.22596153616905212, 1559750289.253094]
[0.47850939631462097, 0.37832266092300415, 0.9681962728500366, 3.875, -0.016132276505231857, 0.0, 0.22596153616905212, 1559750289.318502]
[0.5422870516777039, 0.46272823214530945, 1.1576422452926636, 4.0, 0.13570408523082733, 0.0, 0.22596153616905212, 1559750289.392395]
[0.5975750684738159, 0.5253146290779114, 1.222575068473816, 4.0, 0.2761170566082001, 0.0, 0.22596153616905212, 1559750289.460393]
[0.6536371111869812, 0.5808122158050537, 1.278637170791626, 4.0, 0.402677446603775, 0.0, 0.22596153616905212, 1559750289.517684]
[0.7156825065612793, 0.6288388967514038, 1.4656825065612793, 4.0, 0.5535380840301514, 0.0, 0.22596153616905212, 1559750289.587935]
[0.7752170562744141, 0.6637893319129944, 1.517657995223999, 4.125, 0.6834896802902222, 0.0, 0.22596153616905212, 1559750289.650703]
[0.8373229503631592, 0.6988756656646729, 1.7022337913513184, 4.125, 0.8324010372161865, 0.0, 0.22596153616905212, 1559750289.723276]
[0.8846115469932556, 0.7110509276390076, 1.7596116065979004, 4.25, 0.9583243131637573, 0.0, 0.22596153616905212, 1559750289.786929]
[0.9321452379226685, 0.7059165835380554, 1.8071452379226685, 4.25, 1.0608940124511719, 0.0, 0.22596153616905212, 1559750289.858016]
[0.9666794538497925, 0.6878131031990051, 1.8416794538497925, 4.25, 1.139244556427002, 0.0, 0.22596153616905212, 1559750289.919023]
[1.0180832147598267, 0.679865300655365, 2.0116515159606934, 4.375, 1.2354027032852173, 0.0, 0.23557692766189575, 1559750289.996151]
[1.0488088130950928, 0.6567165851593018, 2.0488088130950928, 4.375, 1.3067824840545654, 0.0, 0.2548076808452606, 1559750290.055189]
[1.087066650390625, 0.654090404510498, 2.087066650390625, 4.5, 1.357253074645996, 0.0, 0.2884615361690521, 1559750290.120951]
[1.1262341737747192, 0.6387320756912231, 2.1262340545654297, 4.5, 1.3902132511138916, 0.0, 0.30288460850715637, 1559750290.189601]
[1.1593806743621826, 0.6130077242851257, 2.2843806743621826, 4.625, 1.4423996210098267, 0.0, 0.30288460850715637, 1559750290.256393]
[1.1899558305740356, 0.5851474404335022, 2.310065746307373, 4.625, 1.4716930389404297, 0.0, 0.3076923191547394, 1559750290.319691]
[1.2036242485046387, 0.535462498664856, 2.3286242485046387, 4.75, 1.4798662662506104, 0.0, 0.3076923191547394, 1559750290.389771]
[1.2080754041671753, 0.46176889538764954, 2.333075523376465, 4.75, 1.4666728973388672, 0.0, 0.3125, 1559750290.454489]
[1.2158814668655396, 0.4066121280193329, 2.3397867679595947, 4.875, 1.4368906021118164, 0.0, 0.3125, 1559750290.524981]
[1.2187920808792114, 0.3576255142688751, 2.343791961669922, 4.875, 1.393234133720398, 0.0, 0.3125, 1559750290.588196]
[1.2184340953826904, 0.30055493116378784, 2.343597888946533, 5.0, 1.337688684463501, 0.0, 0.3125, 1559750290.658015]
[1.2250943183898926, 0.2685434818267822, 2.3479981422424316, 5.0, 1.2745537757873535, 0.0, 0.3125, 1559750290.718703]
[1.2399858236312866, 0.260165274143219, 2.36236572265625, 5.125, 1.2089780569076538, 0.0, 0.3125, 1559750290.787704]
[1.2581931352615356, 0.2662317752838135, 2.383193016052246, 5.125, 1.1441930532455444, 0.0, 0.3076923191547394, 1559750290.853384]
[1.28831946849823, 0.29235324263572693, 2.4072084426879883, 5.25, 1.08188796043396, 0.0, 0.30288460850715637, 1559750290.920386]
[1.3199963569641113, 0.3247813880443573, 2.4449963569641113, 5.25, 1.0264275074005127, 0.0, 0.29326921701431274, 1559750290.985565]
[1.3551251888275146, 0.35241052508354187, 2.4801251888275146, 5.375, 0.9765806794166565, 0.0, 0.29326921701431274, 1559750291.054164]
[1.3877586126327515, 0.3699154853820801, 2.509309768676758, 5.375, 0.9303256273269653, 0.0, 0.29326921701431274, 1559750291.120187]
[1.415313959121704, 0.3824476897716522, 2.540313959121704, 5.5, 0.8881793022155762, 0.0, 0.29326921701431274, 1559750291.186687]
[1.4511432647705078, 0.4029019773006439, 2.6965394020080566, 5.5, 0.8857424259185791, 0.0, 0.29326921701431274, 1559750291.253053]
[1.4954251050949097, 0.43904972076416016, 2.7384989261627197, 5.625, 0.8830907344818115, 0.0, 0.29326921701431274, 1559750291.321756]
[1.5284154415130615, 0.45420607924461365, 2.9034154415130615, 5.75, 0.9154125452041626, 0.0, 0.29326921701431274, 1559750291.387411]
[1.562585473060608, 0.45948362350463867, 2.9333982467651367, 5.875, 0.9372597336769104, 0.0, 0.29326921701431274, 1559750291.450164]
[1.6115374565124512, 0.49724143743515015, 2.979468822479248, 5.875, 0.9548478126525879, 0.0, 0.29807692766189575, 1559750291.524281]
[1.6469026803970337, 0.5100629329681396, 3.021902561187744, 6.0, 0.9676734805107117, 0.0, 0.30288460850715637, 1559750291.587485]
[1.6789370775222778, 0.5011648535728455, 3.1789369583129883, 6.125, 1.0091572999954224, 0.0, 0.3076923191547394, 1559750291.651021]
[1.7130199670791626, 0.4985416829586029, 3.210052490234375, 6.25, 1.037460207939148, 0.0, 0.3173076808452606, 1559750291.719427]
[1.7329258918762207, 0.46534213423728943, 3.2295169830322266, 6.375, 1.0512841939926147, 0.0, 0.32211539149284363, 1559750291.792503]
[1.749946117401123, 0.44046178460121155, 3.374946117401123, 6.5, 1.0890743732452393, 0.0, 0.32211539149284363, 1559750291.851931]
[1.7743654251098633, 0.42624178528785706, 3.3946902751922607, 6.625, 1.1099774837493896, 0.0, 0.32211539149284363, 1559750291.92074]
[1.8012628555297852, 0.41979578137397766, 3.2973833084106445, 3.0, 0.0, 0.0, 0.32211539149284363, 1559750291.989472]
[1.8213807344436646, 0.4081863760948181, 3.446380615234375, 3.125, 0.04254679009318352, 0.0, 0.32211539149284363, 1559750292.057977]
[1.8482991456985474, 0.4046095907688141, 3.5933499336242676, 3.25, 0.11859993636608124, 0.0, 0.32211539149284363, 1559750292.120705]
[1.8773244619369507, 0.4063967764377594, 3.748072624206543, 3.25, 0.2231026440858841, 0.0, 0.32211539149284363, 1559750292.192039]
[1.9038418531417847, 0.40187329053878784, 3.775900363922119, 3.5, 0.313075989484787, 0.0, 0.32211539149284363, 1559750292.259309]
[1.9207065105438232, 0.38539567589759827, 3.9167189598083496, 3.625, 0.4221822917461395, 0.0, 0.32211539149284363, 1559750292.323877]
[1.9460288286209106, 0.38207098841667175, 3.94199800491333, 3.75, 0.5123392939567566, 0.0, 0.32211539149284363, 1559750292.388578]
[1.9742558002471924, 0.3943844139575958, 3.9742558002471924, 3.875, 0.5877503752708435, 0.0, 0.32211539149284363, 1559750292.48508]
[1.9990038871765137, 0.3965871334075928, 4.124003887176514, 4.125, 0.6836106777191162, 0.0, 0.32211539149284363, 1559750292.518041]
[2.0136075019836426, 0.3666326403617859, 4.138607501983643, 4.25, 0.7561857104301453, 0.0, 0.32211539149284363, 1559750292.5883]
[2.0260398387908936, 0.32930728793144226, 4.14968204498291, 4.375, 0.8077298998832703, 0.0, 0.32692307233810425, 1559750292.660806]
[2.045257806777954, 0.335368812084198, 4.170257568359375, 4.5, 0.8441023826599121, 0.0, 0.33173078298568726, 1559750292.718056]
[2.0762486457824707, 0.35246750712394714, 4.201248645782471, 4.625, 0.8705585598945618, 0.0, 0.33173078298568726, 1559750292.787844]
[2.096891403198242, 0.34254521131515503, 4.471891403198242, 4.875, 0.9569846391677856, 0.0, 0.3365384638309479, 1559750292.854026]
[2.102402925491333, 0.300812304019928, 4.477063179016113, 5.0, 1.015270471572876, 0.0, 0.3413461446762085, 1559750292.919915]
[2.107109785079956, 0.2709120810031891, 4.607110023498535, 5.25, 1.0854368209838867, 0.0, 0.3413461446762085, 1559750292.988189]
[2.1169185638427734, 0.2502015233039856, 4.616918563842773, 5.375, 1.1299545764923096, 0.0, 0.3461538553237915, 1559750293.058473]
[2.112018346786499, 0.19984924793243408, 4.61148738861084, 5.5, 1.1485706567764282, 0.0, 0.3461538553237915, 1559750293.121987]
[2.113419532775879, 0.175706148147583, 4.613419532775879, 5.75, 1.1479032039642334, 0.0, 0.3461538553237915, 1559750293.187879]
[2.121915578842163, 0.1677946299314499, 4.621915817260742, 5.875, 1.1333955526351929, 0.0, 0.3461538553237915, 1559750293.255702]
[2.141029119491577, 0.18431530892848969, 4.6384477615356445, 6.0, 1.1101045608520508, 0.0, 0.3461538553237915, 1559750293.321874]
[2.1594481468200684, 0.1926606446504593, 4.659448146820068, 6.25, 1.081259846687317, 0.0, 0.3461538553237915, 1559750293.411614]
[2.16141676902771, 0.16642726957798004, 4.786417007446289, 6.375, 1.078558087348938, 0.0, 0.3461538553237915, 1559750293.47456]
[2.1607258319854736, 0.1493125557899475, 4.4107255935668945, 4.0, 0.0, 0.0, 0.3461538553237915, 1559750293.519333]
[2.1663787364959717, 0.13842929899692535, 4.416378974914551, 4.125, 0.0016142074018716812, 0.0, 0.3461538553237915, 1559750293.587769]
[2.1724188327789307, 0.13039745390415192, 4.421489715576172, 4.375, 0.004366925917565823, 0.0, 0.3461538553237915, 1559750293.655051]
[2.1783905029296875, 0.12336702644824982, 4.426883697509766, 4.5, 0.008089438080787659, 0.0, 0.3461538553237915, 1559750293.723439]
[2.183736801147461, 0.11851006746292114, 4.558736801147461, 4.625, 0.04866037517786026, 0.0, 0.3461538553237915, 1559750293.787728]
[2.1905953884124756, 0.11561614274978638, 4.565595626831055, 4.75, 0.08300600945949554, 0.0, 0.3461538553237915, 1559750293.852622]
[2.200375556945801, 0.11903974413871765, 4.4507365226745605, 4.875, 0.07702824473381042, 0.0, 0.3461538553237915, 1559750293.920462]
[2.1993539333343506, 0.10059967637062073, 4.32435417175293, 5.125, 0.03496512398123741, 0.0, 0.3461538553237915, 1559750293.987056]
[2.2022900581359863, 0.09153986722230911, 4.327290058135986, 5.25, 0.0010056889150291681, 0.0, 0.3461538553237915, 1559750294.053848]
[2.20556640625, 0.0844380185008049, 4.455262184143066, 5.375, 0.00984348263591528, 0.0, 0.3461538553237915, 1559750294.121551]
[2.2129881381988525, 0.08983980119228363, 4.337987899780273, 5.5, -0.01657874323427677, 0.0, 0.3461538553237915, 1559750294.186247]
[2.220072031021118, 0.0915195420384407, 4.3443098068237305, 5.625, -0.03608177602291107, 0.0, 0.3461538553237915, 1559750294.251231]
[2.2243905067443848, 0.08732447773218155, 4.345733165740967, 5.875, -0.051063112914562225, 0.0, 0.33173078298568726, 1559750294.323237]
[2.2411341667175293, 0.11078860610723495, 4.3644914627075195, 6.0, -0.057193461805582047, 0.0, 0.33173078298568726, 1559750294.39266]
[2.2512691020965576, 0.11875536292791367, 4.376269340515137, 6.125, -0.0580124668776989, 0.0, 0.32692307233810425, 1559750294.450838]
[2.261476755142212, 0.12264449149370193, 4.386588096618652, 6.25, -0.05490531027317047, 0.0, 0.32692307233810425, 1559750294.523859]
[2.2638871669769287, 0.10913880914449692, 4.388009071350098, 6.5, -0.0511820912361145, 0.0, 0.32692307233810425, 1559750294.588638]
[2.274449586868286, 0.11853163689374924, 4.399449348449707, 6.625, -0.04414850473403931, 0.0, 0.32211539149284363, 1559750294.655919]
[2.2913615703582764, 0.13811235129833221, 4.412424087524414, 6.75, -0.034077998250722885, 0.0, 0.30288460850715637, 1559750294.723134]
[2.3119735717773438, 0.1663275957107544, 4.436973571777344, 7.0, -0.01836967281997204, 0.0, 0.29807692766189575, 1559750294.787708]
[2.3404157161712646, 0.20433010160923004, 4.465415954589844, 7.125, 0.002823068294674158, 0.0, 0.29807692766189575, 1559750294.854704]
[2.381276845932007, 0.2637532353401184, 4.501686096191406, 7.25, 0.030420716851949692, 0.0, 0.30288460850715637, 1559750294.922052]
[2.4031097888946533, 0.2774289548397064, 4.653109550476074, 7.5, 0.09572926163673401, 0.0, 0.3173076808452606, 1559750294.986345]
[2.4223814010620117, 0.27681905031204224, 4.672381401062012, 7.75, 0.15311871469020844, 0.0, 0.32692307233810425, 1559750295.057627]
[2.444185733795166, 0.28228187561035156, 4.81589412689209, 7.875, 0.23870889842510223, 0.0, 0.33173078298568726, 1559750295.126041]
[2.456915855407715, 0.2724376320838928, 4.831915855407715, 8.0, 0.30966681241989136, 0.0, 0.3365384638309479, 1559750295.186602]
[2.458162546157837, 0.2262112945318222, 4.83358907699585, 8.125, 0.3635829985141754, 0.0, 0.3365384638309479, 1559750295.258909]
[2.460225820541382, 0.20488277077674866, 4.835226058959961, 8.25, 0.40282297134399414, 0.0, 0.3365384638309479, 1559750295.322108]
[2.458508014678955, 0.16462711989879608, 4.958798408508301, 8.5, 0.46435490250587463, 0.0, 0.3365384638309479, 1559750295.388639]
[2.450185537338257, 0.12294375896453857, 4.826875686645508, 8.625, 0.47022756934165955, 0.0, 0.3461538553237915, 1559750295.453027]
[2.448601245880127, 0.09981508553028107, 4.826221466064453, 8.75, 0.46811556816101074, 0.0, 0.3509615361690521, 1559750295.527156]
[2.432051658630371, 0.04819450527429581, 4.932051658630371, 4.125, 0.0, 0.0, 0.35576921701431274, 1559750295.586492]
[2.4052345752716064, -0.019826756790280342, 4.905234336853027, 4.125, -0.007657715585082769, 0.0, 0.36538460850715637, 1559750295.656253]
[2.3708627223968506, -0.09385775774717331, 4.75068473815918, 4.125, -0.057924818247556686, 0.0, 0.3701923191547394, 1559750295.724483]
[2.3412764072418213, -0.14901034533977509, 4.716276168823242, 4.25, -0.10791144520044327, 0.0, 0.3701923191547394, 1559750295.786352]
[2.301780939102173, -0.21405014395713806, 4.551780700683594, 4.25, -0.19410254061222076, 0.0, 0.3701923191547394, 1559750295.855302]
[2.263496160507202, -0.26675722002983093, 4.646838188171387, 4.375, -0.23446816205978394, 0.0, 0.3701923191547394, 1559750295.921997]
[2.220255136489868, -0.3290310502052307, 4.470254898071289, 4.5, -0.3144589960575104, 0.0, 0.36538460850715637, 1559750295.98694]
[2.165787935256958, -0.3998773992061615, 4.547923564910889, 4.625, -0.3530159592628479, 0.0, 0.36538460850715637, 1559750296.053469]
[2.1470582485198975, -0.3774503171443939, 4.519913673400879, 4.75, -0.38741379976272583, 0.0, 0.36538460850715637, 1559750296.119757]
[2.1361615657806396, -0.345164030790329, 4.5165815353393555, 5.0, -0.4108821749687195, 0.0, 0.36538460850715637, 1559750296.188542]
[2.1019022464752197, -0.37613028287887573, 4.351902008056641, 5.125, -0.47117680311203003, 0.0, 0.36538460850715637, 1559750296.256205]
[2.039008378982544, -0.4586840867996216, 4.174842357635498, 5.125, -0.5641743540763855, 0.0, 0.36538460850715637, 1559750296.320585]
[1.9688940048217773, -0.5450707674026489, 3.9799842834472656, 5.25, -0.6875926852226257, 0.0, 0.36538460850715637, 1559750296.391272]
[1.9105806350708008, -0.6030558347702026, 3.910580635070801, 5.375, -0.7982303500175476, 0.0, 0.36057692766189575, 1559750296.453307]
[1.856510877609253, -0.6294277310371399, 3.7403125762939453, 5.375, -0.9256690740585327, 0.0, 0.35576921701431274, 1559750296.520927]
[1.8048096895217896, -0.6469424366950989, 3.562356948852539, 11.625, -1.1770206689834595, 0.0, 0.35576921701431274, 1559750296.591323]
[1.7573457956314087, -0.6668254137039185, 3.632345676422119, 5.5, -1.1187567710876465, 0.0, 0.36057692766189575, 1559750296.656614]
[1.707557201385498, -0.6734060049057007, 3.4645135402679443, 5.625, -1.221867561340332, 0.0, 0.36538460850715637, 1559750296.721053]
[1.6662206649780273, -0.660759449005127, 3.2974038124084473, 12.0, -1.4360040426254272, 0.0, 0.375, 1559750296.791952]
[1.639607310295105, -0.6158616542816162, 3.2669484615325928, 12.125, -1.4843920469284058, 0.0, 0.375, 1559750296.859455]
[1.6097410917282104, -0.5995246767997742, 3.365478038787842, 23.875, -1.1517834663391113, 0.0, 0.375, 1559750296.923141]
[1.5759042501449585, -0.5815689563751221, 3.330946445465088, 23.875, -1.2365379333496094, 0.0, 0.375, 1559750296.989278]
[1.5451561212539673, -0.5722549557685852, 3.1747286319732666, 12.625, -1.5144107341766357, 0.0, 0.375, 1559750297.052268]
[1.511284351348877, -0.5585525631904602, 3.1434426307678223, 12.75, -1.4975188970565796, 0.0, 0.3701923191547394, 1559750297.12269]
[1.4712544679641724, -0.5607303977012634, 3.101809024810791, 12.875, -1.4742525815963745, 0.0, 0.35576921701431274, 1559750297.192882]
[1.440079927444458, -0.5551077127456665, 3.0695598125457764, 13.0, -1.4434410333633423, 0.0, 0.3413461446762085, 1559750297.255241]
[1.4129390716552734, -0.5285127758979797, 3.041949987411499, 13.125, -1.4055920839309692, 0.0, 0.32692307233810425, 1559750297.31946]
[1.4118322134017944, -0.45706647634506226, 2.911832332611084, 13.125, -1.3918167352676392, 0.0, 0.32211539149284363, 1559750297.384763]
[1.4356882572174072, -0.323837012052536, 2.9337053298950195, 13.25, -1.354466438293457, 0.0, 0.3173076808452606, 1559750297.461846]
[1.4671069383621216, -0.20488698780536652, 3.066864013671875, 13.375, -1.2666479349136353, 0.0, 0.3076923191547394, 1559750297.52522]
[1.5834482908248901, 0.08560657501220703, 3.1972272396087646, 13.5, -1.1397294998168945, 0.0, 0.3076923191547394, 1559750297.588011]
[1.2197562456130981, -0.9256703853607178, 2.9697561264038086, 6.875, -0.5658526420593262, 0.0, 0.0, 1559750301.051269]
[1.1138861179351807, -1.0178757905960083, 2.8812646865844727, 7.0, -0.6640236377716064, 0.0, 0.0, 1559750301.119241]
[1.026013731956482, -1.07944917678833, 2.7760138511657715, 7.125, -0.7646471858024597, 0.0, 0.0, 1559750301.186736]
[0.9253683686256409, -1.1356754302978516, 2.675368309020996, 7.25, -0.8645187616348267, 0.0, 0.0, 1559750301.253461]
[0.8192346096038818, -1.1954315900802612, 2.4611499309539795, 7.375, -0.9947825074195862, 0.0, 0.0, 1559750301.320681]
[0.7345773577690125, -1.2254281044006348, 2.3595774173736572, 7.625, -1.1158019304275513, 0.0, 0.0, 1559750301.386035]
